10       10.09098832       7.941310124e-21       -2.777142003e-19       -2.697728902e-19
10.5       10.34981701       8.145000666e-21       -2.775263054e-19       -2.693813047e-19
11       11.025784       8.676966746e-21       -2.769352859e-19       -2.682583192e-19
11.5       11.26515514       8.865344774e-21       -2.766641997e-19       -2.677988549e-19
12       12.13061679       9.546437558e-21       -2.759468041e-19       -2.664003666e-19
12.5       12.8549787       1.011648902e-20       -2.753366509e-19       -2.652201619e-19
13       12.86017465       1.012057808e-20       -2.75274939e-19       -2.651543609e-19
13.5       13.65012134       1.074224282e-20       -2.746042392e-19       -2.638619963e-19
14       14.12131274       1.111305655e-20       -2.741562739e-19       -2.630432174e-19
14.5       14.35691378       1.129846761e-20       -2.739175359e-19       -2.626190683e-19
15       14.79328121       1.164187591e-20       -2.735098642e-19       -2.618679883e-19
15.5       15.49113226       1.21910641e-20       -2.727804034e-19       -2.605893393e-19
16       16.31279944       1.283769193e-20       -2.721474197e-19       -2.593097278e-19
16.5       16.13176311       1.269522168e-20       -2.722421138e-19       -2.595468921e-19
17       16.58739505       1.305379057e-20       -2.717195485e-19       -2.586657579e-19
17.5       17.32169228       1.363166084e-20       -2.709735574e-19       -2.573418965e-19
18       18.15222136       1.428526272e-20       -2.702993481e-19       -2.560140854e-19
18.5       18.25073037       1.43627864e-20       -2.700777714e-19       -2.55714985e-19
19       19.61063333       1.543298991e-20       -2.688019192e-19       -2.533689293e-19
19.5       20.12149003       1.583501907e-20       -2.680812496e-19       -2.522462305e-19
20       19.49317619       1.534055461e-20       -2.689421433e-19       -2.536015887e-19
20.5       20.39702948       1.605186049e-20       -2.67983532e-19       -2.519316715e-19
21       21.25837778       1.672971619e-20       -2.661569469e-19       -2.494272308e-19
21.5       21.44831571       1.687919174e-20       -2.665059541e-19       -2.496267624e-19
22       22.04088891       1.734552937e-20       -2.659286841e-19       -2.485831548e-19
22.5       22.58311607       1.777224615e-20       -2.65228877e-19       -2.474566309e-19
23       22.67611117       1.784543054e-20       -2.587713955e-19       -2.40925965e-19
23.5       23.36409159       1.838685084e-20       -2.589723213e-19       -2.405854705e-19
24       24.09260882       1.896017241e-20       -2.572789711e-19       -2.383187987e-19
24.5       24.63235444       1.938493629e-20       -2.577700958e-19       -2.383851595e-19
25       25.29010018       1.990256279e-20       -2.572988815e-19       -2.373963187e-19
25.5       25.37415855       1.996871424e-20       -2.572496336e-19       -2.372809193e-19
26       25.66898031       2.020073027e-20       -2.553656166e-19       -2.351648863e-19
26.5       26.83564148       2.111885819e-20       -2.530023675e-19       -2.318835093e-19
27       26.5189387       2.086962245e-20       -2.540967556e-19       -2.332271332e-19
27.5       27.47974031       2.162574497e-20       -2.523707649e-19       -2.307450199e-19
28       28.01402271       2.204620946e-20       -2.520688918e-19       -2.300226823e-19
28.5       28.63381697       2.253396926e-20       -2.509721366e-19       -2.284381674e-19
29       29.33190064       2.308334052e-20       -2.497642208e-19       -2.266808803e-19
29.5       28.89747321       2.274145894e-20       -2.497340618e-19       -2.269926028e-19
30       29.53815569       2.324565715e-20       -2.492844111e-19       -2.26038754e-19
29.5       29.76681595       2.342560603e-20       -2.474772332e-19       -2.240516272e-19
29       28.89765443       2.274160155e-20       -2.499148611e-19       -2.271732595e-19
28.5       28.6959131       2.258283708e-20       -2.505943341e-19       -2.28011497e-19
28       28.19185486       2.218615811e-20       -2.530870064e-19       -2.309008483e-19
27.5       28.1321698       2.213918773e-20       -2.516600242e-19       -2.295208365e-19
27       26.89930768       2.116896162e-20       -2.547409924e-19       -2.335720308e-19
26.5       26.12316499       2.055816021e-20       -2.543470113e-19       -2.337888511e-19
26       26.32983463       2.072080312e-20       -2.536043833e-19       -2.328835802e-19
25.5       25.43457054       2.001625669e-20       -2.550218894e-19       -2.350056327e-19
25       25.21914821       1.984672567e-20       -2.559572195e-19       -2.361104938e-19
24.5       24.4984698       1.927957303e-20       -2.564308271e-19       -2.37151254e-19
24       24.41316474       1.921244046e-20       -2.579420258e-19       -2.387295854e-19
23.5       23.57606044       1.855366407e-20       -2.624551837e-19       -2.439015196e-19
23       23.53497468       1.852133079e-20       -2.610499461e-19       -2.425286153e-19
22.5       22.28574879       1.753822686e-20       -2.604893083e-19       -2.429510814e-19
22       22.46160362       1.767661943e-20       -2.628736351e-19       -2.451970157e-19
21.5       21.45311674       1.688297001e-20       -2.648205098e-19       -2.479375398e-19
21       21.13073406       1.662926435e-20       -2.591202577e-19       -2.424909934e-19
20.5       20.60320546       1.62141149e-20       -2.597473885e-19       -2.435332736e-19
20       20.00966053       1.574701255e-20       -2.618927255e-19       -2.46145713e-19
19.5       19.31771627       1.520247283e-20       -2.639891312e-19       -2.487866583e-19
19       18.90447373       1.487726315e-20       -2.676574465e-19       -2.527801834e-19
18.5       18.153245       1.42860683e-20       -2.684303472e-19       -2.541442789e-19
18       18.18961041       1.43146868e-20       -2.68727e-19       -2.544123132e-19
17.5       17.64464267       1.388581326e-20       -2.664651126e-19       -2.525792993e-19
17       16.83157352       1.324595183e-20       -2.661020138e-19       -2.52856062e-19
16.5       16.76761242       1.319561633e-20       -2.656319384e-19       -2.52436322e-19
16       15.85083893       1.247414264e-20       -2.653240245e-19       -2.528498819e-19
15.5       15.73820627       1.238550406e-20       -2.670228772e-19       -2.546373731e-19
15       14.84513216       1.168268108e-20       -2.686733971e-19       -2.569907161e-19
14.5       14.45073481       1.1372302e-20       -2.66407861e-19       -2.55035559e-19
14       14.13235602       1.112174728e-20       -2.678105176e-19       -2.566887703e-19
13.5       13.49624079       1.062114336e-20       -2.679504925e-19       -2.573293491e-19
13       13.02905936       1.025348536e-20       -2.683185268e-19       -2.580650415e-19
12.5       12.48825737       9.827890143e-21       -2.692876707e-19       -2.594597806e-19
12       12.11944286       9.537644005e-21       -2.698767526e-19       -2.603391086e-19
11.5       11.30921575       8.900019172e-21       -2.706029635e-19       -2.617029444e-19
11       11.13518578       8.763062719e-21       -2.7067432e-19       -2.619112572e-19
10.5       10.58336998       8.328799964e-21       -2.71238555e-19       -2.62909755e-19
10       9.978365063       7.852678943e-21       -2.717986386e-19       -2.639459596e-19
